212 667
5 0 0.000833333 
5 4 0.000833333 
5 5 0.0925 
5 7 0.000833333 
5 8 0.000833333 
5 14 0.000833333 
5 19 0.000833333 
5 29 0.000833333 
5 67 0.000833333 
5 88 0.900833 
6 1 0.000833333 
6 4 0.000833333 
6 5 0.000833333 
6 6 0.0916667 
6 7 0.000833333 
6 8 0.000833333 
6 15 0.000833333 
6 20 0.000833333 
6 30 0.000833333 
6 68 0.900833 
6 89 0.000833333 
7 2 0.000833333 
7 4 0.000833333 
7 5 0.000833333 
7 7 0.0925 
7 8 0.000833333 
7 16 0.000833333 
7 21 0.000833333 
7 31 0.000833333 
7 69 0.000833333 
7 90 0.900833 
8 3 0.000833333 
8 4 0.000833333 
8 5 0.000833333 
8 7 0.000833333 
8 8 0.0925 
8 17 0.000833333 
8 22 0.000833333 
8 32 0.000833333 
8 70 0.900833 
8 91 0.000833333 
10 0 0.000833333 
10 5 0.000833333 
10 9 0.000833333 
10 10 0.0916667 
10 11 0.000833333 
10 12 0.000833333 
10 14 0.000833333 
10 19 0.000833333 
10 34 0.000833333 
10 72 0.000833333 
10 93 0.900833 
11 2 0.00125 
11 7 0.00125 
11 11 0.09125 
11 16 0.00125 
11 21 0.00125 
11 35 0.00125 
11 73 0.00125 
11 201 0.90125 
12 3 0.00125 
12 8 0.00125 
12 12 0.09125 
12 17 0.00125 
12 22 0.00125 
12 36 0.00125 
12 94 0.00125 
12 179 0.90125 
14 0 0.000833333 
14 5 0.000833333 
14 13 0.000833333 
14 14 0.0925 
14 16 0.000833333 
14 17 0.000833333 
14 19 0.000833333 
14 38 0.000833333 
14 75 0.000833333 
14 96 0.900833 
15 13 0.00125 
15 14 0.00125 
15 15 0.09125 
15 16 0.00125 
15 17 0.00125 
15 39 0.00125 
15 76 0.00125 
15 205 0.90125 
17 3 0.000666667 
17 8 0.000666667 
17 12 0.000666667 
17 13 0.000666667 
17 14 0.000666667 
17 15 0.000666667 
17 16 0.000666667 
17 17 0.092 
17 22 0.000666667 
17 41 0.000666667 
17 77 0.000666667 
17 98 0.000666667 
17 161 0.900667 
19 0 0.000833333 
19 5 0.000833333 
19 14 0.000833333 
19 18 0.000833333 
19 19 0.0925 
19 21 0.000833333 
19 22 0.000833333 
19 43 0.000833333 
19 79 0.900833 
19 100 0.000833333 
20 18 0.00125 
20 19 0.00125 
20 20 0.09125 
20 21 0.00125 
20 22 0.00125 
20 44 0.00125 
20 101 0.00125 
20 186 0.90125 
21 2 0.000666667 
21 7 0.000666667 
21 11 0.000666667 
21 16 0.000666667 
21 18 0.000666667 
21 19 0.000666667 
21 20 0.000666667 
21 21 0.092 
21 22 0.000666667 
21 45 0.000666667 
21 80 0.000666667 
21 102 0.000666667 
21 164 0.900667 
24 0 0.000833333 
24 23 0.000833333 
24 24 0.0925 
24 26 0.000833333 
24 27 0.000833333 
24 29 0.000833333 
24 38 0.000833333 
24 43 0.900833 
24 62 0.000833333 
24 83 0.000833333 
25 1 0.000833333 
25 23 0.000833333 
25 24 0.000833333 
25 25 0.0916667 
25 26 0.000833333 
25 27 0.000833333 
25 30 0.000833333 
25 39 0.000833333 
25 44 0.900833 
25 63 0.000833333 
25 84 0.000833333 
26 2 0.000833333 
26 23 0.000833333 
26 24 0.000833333 
26 26 0.0925 
26 27 0.000833333 
26 31 0.000833333 
26 40 0.000833333 
26 45 0.900833 
26 64 0.000833333 
26 85 0.000833333 
27 3 0.000833333 
27 23 0.000833333 
27 24 0.000833333 
27 26 0.000833333 
27 27 0.0925 
27 32 0.000833333 
27 41 0.900833 
27 46 0.000833333 
27 65 0.000833333 
27 86 0.000833333 
28 4 0.000833333 
28 23 0.000833333 
28 28 0.0925 
28 29 0.000833333 
28 31 0.000833333 
28 32 0.900833 
28 37 0.000833333 
28 42 0.000833333 
28 66 0.000833333 
28 87 0.000833333 
29 5 0.000833333 
29 24 0.000833333 
29 28 0.900833 
29 29 0.0925 
29 31 0.000833333 
29 32 0.000833333 
29 38 0.000833333 
29 43 0.000833333 
29 67 0.000833333 
29 88 0.000833333 
30 6 0.000833333 
30 25 0.900833 
30 28 0.000833333 
30 29 0.000833333 
30 30 0.0916667 
30 31 0.000833333 
30 32 0.000833333 
30 39 0.000833333 
30 44 0.000833333 
30 68 0.000833333 
30 89 0.000833333 
31 7 0.000833333 
31 26 0.900833 
31 28 0.000833333 
31 29 0.000833333 
31 31 0.0925 
31 32 0.000833333 
31 40 0.000833333 
31 45 0.000833333 
31 69 0.000833333 
31 90 0.000833333 
32 8 0.000833333 
32 27 0.900833 
32 28 0.000833333 
32 29 0.000833333 
32 31 0.000833333 
32 32 0.0925 
32 41 0.000833333 
32 46 0.000833333 
32 70 0.000833333 
32 91 0.000833333 
33 9 0.000833333 
33 23 0.000833333 
33 28 0.000833333 
33 33 0.0916667 
33 34 0.000833333 
33 35 0.900833 
33 36 0.000833333 
33 37 0.000833333 
33 42 0.000833333 
33 71 0.000833333 
33 92 0.000833333 
34 10 0.000833333 
34 24 0.000833333 
34 29 0.000833333 
34 33 0.900833 
34 34 0.0916667 
34 35 0.000833333 
34 36 0.000833333 
34 38 0.000833333 
34 43 0.000833333 
34 72 0.000833333 
34 93 0.000833333 
35 11 0.90125 
35 26 0.00125 
35 31 0.00125 
35 35 0.09125 
35 40 0.00125 
35 45 0.00125 
35 73 0.00125 
35 201 0.00125 
36 12 0.90125 
36 27 0.00125 
36 32 0.00125 
36 36 0.09125 
36 41 0.00125 
36 46 0.00125 
36 94 0.00125 
36 179 0.00125 
37 13 0.000833333 
37 23 0.000833333 
37 28 0.000833333 
37 37 0.0925 
37 38 0.000833333 
37 40 0.000833333 
37 41 0.900833 
37 42 0.000833333 
37 74 0.000833333 
37 95 0.000833333 
38 14 0.900833 
38 24 0.000833333 
38 29 0.000833333 
38 37 0.000833333 
38 38 0.0925 
38 40 0.000833333 
38 41 0.000833333 
38 43 0.000833333 
38 75 0.000833333 
38 96 0.000833333 
39 15 0.90125 
39 37 0.00125 
39 38 0.00125 
39 39 0.09125 
39 40 0.00125 
39 41 0.00125 
39 76 0.00125 
39 205 0.00125 
41 17 0.900667 
41 27 0.000666667 
41 32 0.000666667 
41 36 0.000666667 
41 37 0.000666667 
41 38 0.000666667 
41 39 0.000666667 
41 40 0.000666667 
41 41 0.092 
41 46 0.000666667 
41 77 0.000666667 
41 98 0.000666667 
41 161 0.000666667 
42 18 0.000833333 
42 23 0.000833333 
42 28 0.000833333 
42 37 0.000833333 
42 42 0.0925 
42 43 0.000833333 
42 45 0.900833 
42 46 0.000833333 
42 78 0.000833333 
42 99 0.000833333 
43 19 0.900833 
43 24 0.000833333 
43 29 0.000833333 
43 38 0.000833333 
43 42 0.000833333 
43 43 0.0925 
43 45 0.000833333 
43 46 0.000833333 
43 79 0.000833333 
43 100 0.000833333 
44 20 0.90125 
44 42 0.00125 
44 43 0.00125 
44 44 0.09125 
44 45 0.00125 
44 46 0.00125 
44 101 0.00125 
44 186 0.00125 
45 21 0.900667 
45 26 0.000666667 
45 31 0.000666667 
45 35 0.000666667 
45 40 0.000666667 
45 42 0.000666667 
45 43 0.000666667 
45 44 0.000666667 
45 45 0.092 
45 46 0.000666667 
45 80 0.000666667 
45 102 0.000666667 
45 164 0.000666667 
48 0 0.000833333 
48 24 0.000833333 
48 47 0.000833333 
48 48 0.0916667 
48 49 0.000833333 
48 50 0.000833333 
48 52 0.000833333 
48 56 0.900833 
48 59 0.000833333 
48 62 0.000833333 
48 83 0.000833333 
49 2 0.00125 
49 26 0.00125 
49 49 0.09125 
49 53 0.00125 
49 57 0.00125 
49 64 0.00125 
49 85 0.00125 
49 164 0.90125 
50 3 0.00125 
50 27 0.00125 
50 50 0.09125 
50 54 0.00125 
50 60 0.00125 
50 65 0.00125 
50 86 0.00125 
50 161 0.90125 
51 4 0.000833333 
51 28 0.000833333 
51 47 0.000833333 
51 51 0.0916667 
51 52 0.000833333 
51 53 0.900833 
51 54 0.000833333 
51 55 0.000833333 
51 58 0.000833333 
51 66 0.000833333 
51 87 0.000833333 
52 5 0.000833333 
52 29 0.000833333 
52 48 0.000833333 
52 51 0.900833 
52 52 0.0916667 
52 53 0.000833333 
52 54 0.000833333 
52 56 0.000833333 
52 59 0.000833333 
52 67 0.000833333 
52 88 0.000833333 
53 7 0.00125 
53 31 0.00125 
53 49 0.90125 
53 53 0.09125 
53 57 0.00125 
53 69 0.00125 
53 90 0.00125 
53 164 0.00125 
54 8 0.00125 
54 32 0.00125 
54 50 0.90125 
54 54 0.09125 
54 60 0.00125 
54 70 0.00125 
54 91 0.00125 
54 161 0.00125 
55 13 0.00125 
55 37 0.00125 
55 55 0.09125 
55 56 0.00125 
55 57 0.00125 
55 74 0.00125 
55 95 0.00125 
55 161 0.90125 
56 14 0.00125 
56 38 0.00125 
56 55 0.90125 
56 56 0.09125 
56 57 0.00125 
56 75 0.00125 
56 96 0.00125 
56 161 0.00125 
58 18 0.00125 
58 42 0.00125 
58 58 0.09125 
58 59 0.00125 
58 60 0.00125 
58 78 0.00125 
58 99 0.00125 
58 164 0.90125 
59 19 0.00125 
59 43 0.00125 
59 58 0.90125 
59 59 0.09125 
59 60 0.00125 
59 79 0.00125 
59 100 0.00125 
59 164 0.00125 
62 0 0.000833333 
62 24 0.000833333 
62 61 0.000833333 
62 62 0.0925 
62 64 0.000833333 
62 65 0.000833333 
62 67 0.000833333 
62 75 0.000833333 
62 79 0.900833 
62 83 0.000833333 
63 61 0.00125 
63 62 0.00125 
63 63 0.09125 
63 64 0.00125 
63 65 0.00125 
63 68 0.00125 
63 76 0.00125 
63 186 0.90125 
65 3 0.000666667 
65 27 0.000666667 
65 50 0.000666667 
65 61 0.000666667 
65 62 0.000666667 
65 63 0.000666667 
65 64 0.000666667 
65 65 0.092 
65 70 0.000666667 
65 77 0.000666667 
65 81 0.000666667 
65 86 0.000666667 
65 179 0.900667 
66 4 0.000833333 
66 28 0.000833333 
66 61 0.000833333 
66 66 0.0925 
66 67 0.000833333 
66 69 0.000833333 
66 70 0.900833 
66 74 0.000833333 
66 78 0.000833333 
66 87 0.000833333 
67 5 0.000833333 
67 29 0.000833333 
67 62 0.900833 
67 66 0.000833333 
67 67 0.0925 
67 69 0.000833333 
67 70 0.000833333 
67 75 0.000833333 
67 79 0.000833333 
67 88 0.000833333 
68 63 0.90125 
68 66 0.00125 
68 67 0.00125 
68 68 0.09125 
68 69 0.00125 
68 70 0.00125 
68 76 0.00125 
68 186 0.00125 
70 8 0.000666667 
70 32 0.000666667 
70 54 0.000666667 
70 65 0.900667 
70 66 0.000666667 
70 67 0.000666667 
70 68 0.000666667 
70 69 0.000666667 
70 70 0.092 
70 77 0.000666667 
70 81 0.000666667 
70 91 0.000666667 
70 179 0.000666667 
71 61 0.00125 
71 66 0.00125 
71 71 0.09125 
71 72 0.00125 
71 73 0.00125 
71 74 0.00125 
71 78 0.00125 
71 179 0.90125 
72 62 0.00125 
72 67 0.00125 
72 71 0.90125 
72 72 0.09125 
72 73 0.00125 
72 75 0.00125 
72 79 0.00125 
72 179 0.00125 
78 18 0.000666667 
78 42 0.000666667 
78 58 0.000666667 
78 61 0.000666667 
78 66 0.000666667 
78 71 0.000666667 
78 74 0.000666667 
78 78 0.092 
78 79 0.000666667 
78 80 0.000666667 
78 81 0.000666667 
78 99 0.000666667 
78 186 0.900667 
79 19 0.000666667 
79 43 0.000666667 
79 59 0.000666667 
79 62 0.000666667 
79 67 0.000666667 
79 72 0.000666667 
79 75 0.000666667 
79 78 0.900667 
79 79 0.092 
79 80 0.000666667 
79 81 0.000666667 
79 100 0.000666667 
79 186 0.000666667 
83 0 0.000833333 
83 24 0.000833333 
83 62 0.000833333 
83 82 0.000833333 
83 83 0.0925 
83 85 0.000833333 
83 86 0.000833333 
83 88 0.000833333 
83 96 0.900833 
83 100 0.000833333 
84 82 0.00125 
84 83 0.00125 
84 84 0.09125 
84 85 0.00125 
84 86 0.00125 
84 89 0.00125 
84 101 0.00125 
84 205 0.90125 
85 2 0.000666667 
85 26 0.000666667 
85 49 0.000666667 
85 64 0.000666667 
85 82 0.000666667 
85 83 0.000666667 
85 84 0.000666667 
85 85 0.092 
85 86 0.000666667 
85 90 0.000666667 
85 97 0.000666667 
85 102 0.000666667 
85 201 0.900667 
87 4 0.000833333 
87 28 0.000833333 
87 66 0.000833333 
87 82 0.000833333 
87 87 0.0925 
87 88 0.000833333 
87 90 0.900833 
87 91 0.000833333 
87 95 0.000833333 
87 99 0.000833333 
88 5 0.000833333 
88 29 0.000833333 
88 67 0.000833333 
88 83 0.000833333 
88 87 0.900833 
88 88 0.0925 
88 90 0.000833333 
88 91 0.000833333 
88 96 0.000833333 
88 100 0.000833333 
89 84 0.90125 
89 87 0.00125 
89 88 0.00125 
89 89 0.09125 
89 90 0.00125 
89 91 0.00125 
89 101 0.00125 
89 205 0.00125 
90 7 0.000666667 
90 31 0.000666667 
90 53 0.000666667 
90 69 0.000666667 
90 85 0.900667 
90 87 0.000666667 
90 88 0.000666667 
90 89 0.000666667 
90 90 0.092 
90 91 0.000666667 
90 97 0.000666667 
90 102 0.000666667 
90 201 0.000666667 
92 82 0.00125 
92 87 0.00125 
92 92 0.09125 
92 93 0.00125 
92 94 0.00125 
92 95 0.00125 
92 99 0.00125 
92 201 0.90125 
93 83 0.00125 
93 88 0.00125 
93 92 0.90125 
93 93 0.09125 
93 94 0.00125 
93 96 0.00125 
93 100 0.00125 
93 201 0.00125 
95 13 0.000666667 
95 37 0.000666667 
95 55 0.000666667 
95 74 0.000666667 
95 82 0.000666667 
95 87 0.000666667 
95 92 0.000666667 
95 95 0.092 
95 96 0.000666667 
95 97 0.000666667 
95 98 0.000666667 
95 99 0.000666667 
95 205 0.900667 
96 14 0.000666667 
96 38 0.000666667 
96 56 0.000666667 
96 75 0.000666667 
96 83 0.000666667 
96 88 0.000666667 
96 93 0.000666667 
96 95 0.900667 
96 96 0.092 
96 97 0.000666667 
96 98 0.000666667 
96 100 0.000666667 
96 205 0.000666667 
